6624	2280	0.830363321375783
6624	5978	0.830363321375783
2996	5816	0.8206501352295148
4829	5744	0.0007045624791808077
5956	6113	0.009338276102812912
5956	31	0.5053074729808847
5956	3865	0.9709604432004807
5956	2555	0.8881677275416985
3359	3865	0.8698395756402789
3359	96	0.830363321375783
3359	6113	0.830363321375783
3359	1775	0.830363321375783
3359	204	0.830363321375783
3359	7810	0.830363321375783
3359	4937	0.830363321375783
14	2996	0.9782462727429543
14	2448	0.7657334290819399
14	4042	0.6840284457770781
14	4653	0.9636460875151313
14	5609	0.940779291750209
14	5816	0.9117737566819867
14	5177	0.8720812184457707
14	7143	0.830363321375783
14	5968	0.6217694386792219
14	5813	0.9092105504374356
14	6105	0.9733239133612684
14	8368	0.6720569675087694
14	1058	0.3160573216869721
14	3937	0.945455436244386
14	8319	0.7983644603137587
14	4927	0.9497711915395792
14	2183	0.9636460875151313
14	5982	0.9627879815359521
14	3496	0.8781106291664035
698	4653	0.838585039625304
698	6075	0.9417900550004742
698	31	0.5433362824078442
698	5609	0.830363321375783
698	5816	0.7572793062507494
698	6063	0.9591149026884109
698	8009	0.9434737818582902
698	7143	0.830363321375783
698	794	0.9678312559275389
698	5968	0.9087751149612829
698	5834	0.8863561999664112
698	8034	0.7375087150947677
698	8343	0.830363321375783
698	3696	0.9644575696937623
698	1058	0.8320164963762275
698	3937	0.9770177431623811
698	3532	0.9764668203063943
698	7810	0.9633649559029916
698	9425	0.7943894027502999
698	237	0.5616202357938898
698	7444	1.2971210443761037e-06
698	5978	0.9434737818582902
698	5982	0.40324403322892455
7444	8009	0.9215433294215357
7444	6459	0.9971673100216433
7444	193	0.014093031503555379
7444	5956	0.13316288178323696
7444	345	0.9869243555655839
7444	5834	0.9937130613513405
7444	9222	0.9025735079037638
7444	8319	0.9757981906856616
7444	9896	0.15094390930995377
7444	7811	0.967159999275611
1058	312	0.830363321375783
1058	4829	0.830363321375783
1058	2448	0.8321403502956768
1058	8371	0.9626481628243924
1058	6063	0.967744470383183
1058	5177	0.4010035383895957
1058	6459	0.842954436257536
1058	3691	0.8366978664346556
1058	794	0.9100624767818363
1058	14	0.7121791638717728
1058	5968	0.9050274917880747
1058	345	0.9139815486149098
1058	5834	0.830363321375783
1058	8368	0.5218061021586308
1058	8034	0.8453164915122076
1058	7125	3.700433088117856e-05
1058	6119	0.7657507664455874
1058	4042	0.830363321375783
1058	5996	0.7794201850824721
1058	9222	0.843978349328981
1058	3937	0.4441999748917507
1058	4865	0.7755449409852129
1058	8319	0.6990868311667947
1058	9277	0.7484957356855536
1058	7810	0.8970522492754273
1058	4047	0.36164930446397286
1058	9425	0.8578595250465162
1058	2996	0.0526846781023304
1058	1301	0.4010035383895957
1058	9545	0.48394192496040583
1058	2280	0.3624270829246252
1058	5141	0.4010035383895957
1058	9704	0.795785206319009
1058	427	0.9560630539176166
1058	1449	0.28448506932438133
1058	2180	0.4010035383895957
1449	7896	0.3828566307066086
1449	2542	0.8927830645034783
1449	7143	0.830363321375783
5394	6124	6.8988617666334895e-12
5394	5956	0.18174588238924685
5394	794	0.7262244800877732
5394	14	0.830363321375783
5394	7444	0.830363321375783
3691	5816	0.9862678859392049
3691	5813	0.7213076551169018
3691	8034	0.7844249246185361
3691	443	0.7844249246185361
3691	8343	0.7844249246185361
3691	3696	0.8115906696679868
3691	1058	0.7844249246185361
3691	2555	0.7844249246185361
3691	427	0.7844249246185361
5572	96	0.8337232101204239
5572	3115	0.903662763048185
5572	6113	0.8745742100037581
5572	31	0.5755981100880635
5572	4829	0.933252665469105
5572	5744	0.0037122052122482447
5572	6055	0.1616392611427872
5572	5993	0.7661666790067505
5572	6162	0.21777380194396898
5572	2183	0.8621851312702862
5572	3865	0.4690194541130158
5572	5759	0.265883815699975
5572	1669	0.07442937906555452
5572	6114	0.9756437856711525
5572	6240	0.7774547595582817
5572	5954	0.12188055602901095
5572	1449	4.570928056089302e-05
6055	2565	0.4010035383895957
6055	3115	0.9507619879397372
6055	6113	0.48259131995614474
6055	31	0.9655040544794931
6055	4829	0.9679926445507082
6055	6294	0.4010035383895957
6055	43	0.7216251248204987
6055	3865	0.4010035383895957
6055	237	0.38767363791536713
6055	6719	0.7722506282530146
63	6113	0.9746772069064698
63	5968	0.8211714082914874
63	1058	0.07692462204357872
63	4148	0.4534734656835309
4148	96	0.08784929779162655
4148	1868	0.8676060003480907
4148	2565	0.09494973667698117
4148	1178	0.7292176378571597
4148	1301	0.4010035383895957
4148	2280	0.10889179882204113
4148	6122	0.9124176316465515
4148	5141	0.11999691962532853
4148	6162	0.02226621523823855
4148	5876	0.9466910988506718
4148	2388	0.7623553430731079
4148	1819	0.2876590218306636
4148	5879	0.9863314649088218
4148	461	0.8656211388188462
4148	5756	0.9371788603276842
4148	5572	0.6964671040410948
4148	5744	0.7124003122578799
4148	2448	0.07564006686065439
4148	1775	0.8989615465506248
4148	8248	0.8481209691095174
4148	6063	0.9157757002966945
4148	8009	0.9935935406775223
4148	6459	0.9757745504919232
4148	193	0.9304048277217292
4148	8822	0.4051379259743161
4148	8098	0.4010035383895957
4148	794	0.8368512085536323
4148	5394	0.9902487793989605
4148	14	0.9664054115651279
4148	323	0.8239652640631686
4148	5968	0.6612007986146452
4148	6114	0.9530653521688016
4148	3515	0.9417900550004742
4148	669	0.20297987032775164
4148	698	0.9417900550004742
4148	5834	0.9624642072769021
4148	6072	0.21027123161321537
4148	8368	0.0959252917993867
4148	8034	0.936933503440764
4148	7125	0.9025135636599272
4148	8343	0.4010035383895957
4148	6119	0.8076684983588687
4148	6679	0.9090914558935586
4148	5996	0.7612378258089355
4148	3937	0.16138236906907438
4148	4865	0.9825858563211113
4148	4857	0.9794020542613929
4148	9277	0.9865571334580328
4148	7810	0.03940728708571489
4148	6240	0.002832349137650182
4148	6000	0.04961561636038088
4148	9545	0.9155164886040198
4148	8003	0.830363321375783
4148	5978	0.9834434973738632
4148	8024	0.8644644630687567
4148	4927	0.09122375954385917
4148	427	0.6247330816103944
4148	1449	0.4485310812773758
4148	6719	0.070294865712553
4148	4404	0.44904549873209604
4148	8981	0.27303825262606884
4148	7811	0.7929548495897671
3224	6113	0.010166024113199223
3224	4829	0.9364273688097896
3224	6353	0.9777570245502519
3224	3865	0.4658355349771316
237	5744	0.8735132872349125
237	193	0.6229932680744403
237	7125	0.858400262107381
237	4404	0.9020008638349406
237	8003	0.8451395484262612
237	4937	0.9310129227560491
5992	3115	0.9453557827059611
5992	6113	0.9791845394543643
5992	2280	0.9839346148865871
5992	5141	0.9713413941628388
5992	2388	0.7343297970087624
5992	31	0.9282718809553702
5992	4829	0.8845294482478077
5992	43	0.6177501055609355
5992	5993	0.07231055328682995
5992	6162	0.7387522169986914
5992	3865	0.9983708749931799
5992	6000	0.923292422261772
4107	96	0.9213693651014145
4107	1868	0.8553629067843331
4107	6113	0.02683430237973515
4107	31	0.6870734659931168
4107	4829	0.8422341494226349
4107	461	0.7104865198219412
4107	3865	0.8473388304320449
4107	1775	0.9100904356706147
4107	5816	0.8756331974788769
4107	237	0.9945414982193448
4107	323	0.830363321375783
4107	6114	0.8337646608955255
4107	5838	0.8935278178803857
4107	5834	0.830363321375783
4107	5996	0.8800658575645343
4107	4148	0.928921340549682
4107	7810	0.830363321375783
4107	9425	0.13500606890626923
4107	8003	0.9660152175377807
4107	1449	0.3019755593200114
4107	4404	0.5192640877867
4107	3696	0.7684608472083582
4107	7896	0.8896995323298886
4107	5982	0.21051113357385642
1198	193	0.1708586642862553
1198	2448	0.8265046071172234
1198	96	0.2618540326700813
1198	2280	0.907325879616408
1198	6075	0.9512853173499576
1198	4829	0.46731750311742104
1198	461	0.4463408695330046
1198	5572	0.9260383026735787
1198	3865	0.7220982361680054
3925	461	0.9267872708313382
3925	3691	0.8900366049171983
3925	193	0.9671692912670935
3925	3239	0.9449041755497938
3925	6114	0.9057306066283425
3925	8319	0.9483050865197177
3925	4857	0.9874510952190073
3925	5744	0.4239824263998298
3925	2280	0.8590135656567546
3925	5992	0.05001218865665819
6190	2280	0.830363321375783
6190	31	0.7841659143830363
6190	6150	0.786275328698531
6190	5813	0.7512905999361149
6190	3696	0.8415420293536151
6190	4865	0.7408392250436314
8024	1775	0.9395924156267426
8024	5813	0.8863667988251326
8024	8003	0.9732070788665996
8024	7811	0.8099324897648864
8024	96	0.5259679295007644
5908	1868	0.7512905999361149
5908	2565	0.984569426657617
5908	1178	0.9101470685235863
5908	2280	0.830363321375783
5908	14	0.32945366077960675
5908	5978	0.31871110666123387
5908	7125	0.33934221411054916
5908	9277	0.5452109843395606
5908	5141	0.1947707359728491
5908	4385	0.3344304718825474
5908	2180	0.8794876931196615
5968	6113	0.4010035383895957
5968	6122	0.830363321375783
5968	31	0.8935278178803857
5968	4829	0.830363321375783
5968	2542	0.830363321375783
5968	8248	0.830363321375783
5968	5816	0.830363321375783
5968	6063	0.830363321375783
5968	6981	0.830363321375783
5968	6124	0.8756331974788769
5968	4245	0.830363321375783
5968	8822	0.4010035383895957
5968	7143	0.830363321375783
5968	8098	0.4010035383895957
5968	4571	0.830363321375783
5968	5293	0.830363321375783
5968	345	0.830363321375783
5968	669	0.4010035383895957
5968	698	0.830363321375783
5968	5834	0.830363321375783
5968	204	0.830363321375783
5968	1761	0.830363321375783
5968	7125	0.830363321375783
5968	1058	0.830363321375783
5968	5996	0.830363321375783
5968	9222	0.830363321375783
5968	2996	0.4010035383895957
5968	6150	0.4010035383895957
5968	5141	0.830363321375783
5968	7444	0.4010035383895957
5968	4927	0.4010035383895957
5968	5993	0.4010035383895957
5968	4404	0.8038248847598897
5968	9896	0.4010035383895957
5968	8343	0.4010035383895957
5968	5982	0.830363321375783
5968	9224	0.4010035383895957
5968	4865	0.830363321375783
1775	5813	0.9841733505936238
1775	7125	0.39423422742106984
1775	4148	0.9404690756572252
1775	8024	0.9983231520108726
1775	4404	0.8698622813035835
6679	5982	0.9473777588082488
96	1868	0.830363321375783
96	2565	0.7943017936914192
96	3115	0.9033645969819168
96	1178	0.830363321375783
96	1198	0.830363321375783
96	2280	0.830363321375783
96	312	0.9722171342570366
96	5141	0.830363321375783
96	2388	0.9033645969819168
96	31	0.8301533914784838
96	461	0.830363321375783
96	3865	0.9782917167911376
96	1775	0.47032109201926714
96	2542	0.9722171342570366
96	8248	0.8674560894067472
96	5816	0.09974685963105936
96	6063	0.9085965945164984
96	6124	0.830363321375783
96	5177	0.9597091815312392
96	6459	0.9066240705827343
96	5908	0.8761171424208106
96	4245	0.5841485805910137
96	7143	0.9440916387936434
96	8098	0.9722171342570366
96	1991	0.830363321375783
96	794	0.7464125581831543
96	5394	0.9243317325404063
96	323	0.8749737497783401
96	2205	0.8499724138949558
96	5978	0.9525965076018792
96	3925	0.830363321375783
96	9021	0.830363321375783
96	6114	0.830363321375783
96	345	0.8269902872640966
96	3515	0.8321403502956768
96	5813	0.830363321375783
96	698	0.9179364155925572
96	5834	0.5229699996433876
96	8368	0.9592474374278928
96	204	0.9228866182464328
96	8034	0.830363321375783
96	7125	0.830363321375783
96	8343	0.8460702933705156
96	6119	0.9440916387936434
96	6679	0.830363321375783
96	5996	0.8460702933705156
96	4865	0.830363321375783
96	9277	0.8899834163557643
96	4148	0.7490013813911998
96	7810	0.9193278410632586
96	237	0.646949271030317
96	5744	0.1918595530981162
96	7444	0.16098806215182995
96	8003	0.03906197651453694
96	8024	0.7512905999361149
96	4927	0.8194530598396516
96	427	0.97941260894289
96	8564	0.37768964897727
96	5982	0.9597091815312392
96	7811	0.4051879928200434
4042	96	0.2568389789793629
4042	6113	0.7147040201548283
4245	2565	0.3377808649154723
4245	859	0.9885065616955038
4245	2280	0.877703498142295
4245	2388	0.04174910016963966
4245	1819	0.5570435436408683
4245	461	0.9814919723472127
4245	8009	0.9648130327006368
4245	5968	0.9475522468552908
4245	698	0.9106289018996202
4245	4865	0.8756331974788769
4245	9425	0.6476839814739801
4245	5992	0.0387096985959636
4245	7811	0.6408441984164706
4245	4237	0.001950650637056237
3447	96	0.9936630356972646
3447	2280	0.5077834622260814
3447	1775	0.830363321375783
4332	1868	0.6038362235223356
4332	3239	0.4013657776188003
4332	3224	0.13589843095548024
4332	5293	0.9108643880587065
4332	7811	0.9108643880587065
4332	2183	0.8352543159734075
4332	5982	0.22073130282857742
6294	5876	0.9839915241226203
4653	6113	0.9858424999095272
5986	6113	0.8314296507184358
5986	3865	0.7753086524422688
5986	8024	0.7283518622133959
5986	8343	0.38206041566859683
5986	4596	0.8184835556708058
5986	895	0.830363321375783
5986	4937	0.7744406896336469
5954	3115	0.9900594787041268
5954	2280	0.9372956142001276
5954	31	0.9642227597608272
5954	4829	0.9268887155548611
8248	5816	0.8780876053744453
8248	6063	0.8572780663430982
8248	6459	0.6291723121135331
8248	4571	0.9898602061800897
8248	2205	0.9719868033217198
8248	5293	0.9458897035086266
8248	3515	0.9929446707069152
8248	5813	0.9986769978122709
8248	698	0.9705149614865476
8248	5834	0.4010035383895957
8248	204	0.955844091608915
8248	7125	0.8165393061859219
8248	3696	0.9816277815492833
8248	6679	0.842235748494495
8248	8319	0.911950938061371
8248	4148	0.9346027620986587
8248	8003	0.9906153425148064
8248	5982	0.0018313439668380946
8248	96	0.9590028940169086
3515	3865	0.830363321375783
3515	96	0.889756131584124
3515	6113	0.9778641107844845
3515	5141	0.9940719105558208
3515	31	0.8804211881617273
3515	5609	0.9817842267034805
3515	8248	0.9904385169793133
3515	5816	0.1079528189405302
3515	237	0.6312749550219897
3515	6124	0.33034846583581307
3515	8822	0.9648130327006368
3515	5293	0.9172369244948273
3515	5968	0.8096671863061745
3515	6114	0.8146680606937242
3515	5813	0.6638134375181457
3515	698	0.9054916667077619
3515	7125	0.9353457352230974
3515	443	0.8915282189544006
3515	3696	0.935545273756883
3515	1058	0.9730223194660198
3515	3937	0.33162066160187015
3515	8003	0.9279674521007283
3515	427	0.830363321375783
3515	5982	0.9094767103523473
5813	5410	0.9206547523805827
5813	1775	0.895832623293037
5813	8248	0.9468619929422152
5813	6981	0.9718575817265698
5813	5177	0.987068977776481
5813	6459	0.8824831882613638
5813	193	0.6722876668969578
5813	8822	0.8846165462348488
5813	1991	0.830363321375783
5813	794	0.8389127342218148
5813	5394	0.9874680292957597
5813	14	0.9695887683511497
5813	5978	0.894512260015327
5813	345	0.9927908796474612
5813	3515	0.9825119356687693
5813	8368	0.9204516119863555
5813	204	0.830363321375783
5813	7125	0.984385880688012
5813	6679	0.841265426324365
5813	9222	0.37014893782290315
5813	8319	0.9042817307345592
5813	5141	0.8499978093254079
5813	8003	0.8229355687092957
5813	8024	0.841265426324365
5813	4927	0.008700745904406126
5813	9896	0.8483877461081111
5813	7811	0.928772478869468
5813	8343	0.8696943924514086
1669	2448	0.982213588880481
1669	3865	0.830363321375783
1669	2565	0.9885041111470779
1669	3115	0.9445848190814166
1669	6240	0.9931667534939635
1669	2280	0.830363321375783
1669	312	0.7262244800877732
1669	6075	0.830363321375783
1669	2388	0.9658253697299745
1669	31	0.9962363634869381
1669	6294	0.8114008245523923
1669	5756	0.9938163463614883
1669	5572	0.13589108660067972
1669	4653	0.21337821191954948
1669	6162	0.9662070590285983
4237	3865	0.830363321375783
4237	3115	0.830363321375783
4237	2280	0.830363321375783
4237	6075	0.830363321375783
4237	31	0.830363321375783
4237	43	0.830363321375783
4237	7589	0.830363321375783
4237	6150	0.8758039435249922
4237	8913	0.830363321375783
4237	5813	0.4756235640330645
4237	443	0.9532910186091087
4237	6353	0.830363321375783
4237	2183	0.7512905999361149
4237	2180	0.638348649049012
4237	8564	0.6103473378036092
8034	1775	0.616320747601231
8034	237	0.9108869334576575
8034	1761	0.926661458718286
8034	7125	0.926661458718286
8034	5816	0.9142611573095131
8034	8003	0.126078911014019
6118	6113	0.9560630539176166
6118	6122	0.830363321375783
6118	2542	0.7310448014478274
6118	5816	0.42041818156006183
6118	237	0.32436329289866556
6118	6063	0.830363321375783
6118	7589	0.673165504911728
6118	6124	0.830363321375783
6118	5486	0.830363321375783
6118	193	0.4010035383895957
6118	794	0.830363321375783
6118	4851	0.830363321375783
6118	2555	0.4010035383895957
6118	14	0.830363321375783
6118	323	0.9285810119826577
6118	2205	0.830363321375783
6118	5293	0.6386305333515331
6118	5968	0.9285810119826577
6118	6114	0.830363321375783
6118	5813	0.830363321375783
6118	698	0.830363321375783
6118	8368	0.8237935097549666
6118	7125	0.29046769391953464
6118	443	0.830363321375783
6118	3696	0.830363321375783
6118	1058	0.4010035383895957
6118	3937	0.3469726297243513
6118	4865	0.830363321375783
6118	8319	0.830363321375783
6118	4148	0.830363321375783
6118	7810	0.750350339144526
6118	5744	0.9638596075874356
6118	1301	0.2638714497401245
6118	7444	0.7253469894466614
6118	8003	0.6924807357747079
6118	8024	0.017942110720314767
6118	4927	0.945455436244386
6118	1449	0.4010035383895957
6118	2183	0.8231493053872687
6118	5982	0.830363321375783
6118	96	0.9285810119826577
6118	4937	0.830363321375783
9147	7125	0.24443468409416744
4025	6113	0.5344640917174915
4025	31	0.952163595035455
4025	4829	0.8527998991796942
4025	2448	0.9531570538491869
4025	1669	0.952405463675401
4025	6120	0.6974292521963261
4025	6240	0.06914629586137394
4025	5759	0.019940666167388658
6719	6122	0.9488390251909368
6719	2542	0.830363321375783
6719	2490	0.43546921013397927
6719	7589	0.9827333373045605
6719	6150	0.990075047609363
6719	5486	0.8991802426893647
6719	3691	0.8991802426893647
6719	5908	0.9932658016474494
6719	193	0.8379936368521401
6719	8913	0.5814282738237647
6719	5293	0.8378649418319679
6719	9021	0.8346677200730459
6719	5813	0.588899759073568
6719	6105	0.7521156126679122
6719	1761	0.24306132655067553
6719	7125	0.13456110096067764
6719	443	0.9347099244205106
6719	3696	0.8991802426893647
6719	6353	0.4010035383895957
6719	9222	0.8942981068645263
6719	8319	0.8469757232746487
6719	3532	0.8874585129014099
6719	2280	0.8619642414042212
6719	5141	0.18716436587957946
6719	1449	0.6882593001637274
6719	7811	0.8184835556708058
6719	2183	0.8478867383546635
6719	8564	0.32727163418765265
6719	4237	0.9887959998834358
6719	7896	0.685559916171672
6719	5982	0.9757748960287856
6119	6113	0.35358635938973715
6119	31	0.830363321375783
6119	3865	0.4960222957552926
6119	4245	0.7993886315901169
6119	7125	0.9005308716774492
6119	5982	0.1362760576946637
5838	6113	0.002344375230003387
5838	2388	0.9701630740870638
5838	4829	0.9713525414759627
5838	5572	0.002035258104634006
5838	6055	3.993708314175094e-05
5838	5759	0.7161358036604635
5838	193	0.76725124894613
5838	5978	0.8426311563211152
5838	7125	0.8870571251673309
5838	5744	0.897351254186565
5838	9545	0.4991125414696557
5838	1449	0.6868335200988176
5838	6719	0.8465584627163704
859	2448	0.8559630373135882
859	6113	0.1616736939810663
859	1198	0.9471775090150643
859	5141	0.8177634152555704
859	2388	0.9656033171532723
859	31	0.6041841666128513
859	6294	0.961866508262491
859	1819	0.9967289575366833
859	461	0.9640480586606114
859	3865	0.014647405327284218
859	6124	0.8986763004411318
859	5744	0.830363321375783
859	5993	0.6215619658133064
345	2996	0.988812196130843
345	2565	0.9593400552775263
345	6113	0.12364506221311307
345	5141	0.8973882267577271
345	5876	0.9893520869881051
345	31	0.992834962493514
345	461	0.9526227314734975
345	43	0.7581360004329988
345	5756	0.7632155192329455
345	3865	0.7825817569992698
345	5759	0.07854413977133018
345	1058	0.4010035383895957
6121	6113	0.8024155182150747
6121	31	0.450934791343567
6121	5993	0.1807420740745756
6121	5744	0.04645563946240753
6121	6075	0.7220084062594153
7810	1775	0.9167157718388212
7810	6063	0.8384052175113235
7810	193	0.8398399572716377
7810	323	0.7943017936914192
7810	8034	0.4010035383895957
7810	7444	0.17399892798605499
7810	8003	0.46903679745238874
7810	7811	0.056170694886078884
7810	5982	0.8398399572716377
3776	6113	0.5428107759430149
3776	2448	0.20104439059075116
3776	8371	0.8267428324371234
3776	5177	0.7229288232482317
3776	3691	0.5452109843395606
3776	5956	0.7729253372365935
3776	5394	0.830363321375783
3776	8343	0.830363321375783
3776	8319	0.830363321375783
3776	9277	0.830363321375783
3776	2996	0.9469877075231719
3776	4404	0.07824441753963639
3776	7811	0.9326382428870482
6162	43	0.9723919686948872
6162	5756	0.9562623412965814
6162	3865	0.8866746749129379
8098	2542	0.8753074476063409
8098	5816	0.715913573138365
8098	5838	0.974750530932782
8098	7444	0.9951800236421797
8098	5978	0.9232830664467108
8098	5982	0.049647706411890036
6075	3115	0.981765588321682
6075	6113	0.9627207366875515
6075	5876	0.9728506359081752
6075	31	0.9609998291862661
6075	6120	0.9933129686434029
2623	5978	0.21811852720468908
2623	4857	0.7829769347899604
2623	4404	0.8333296994067756
3496	6113	0.8935485602399557
3496	6981	0.8119486471815536
3496	2205	0.8015857719915014
3496	8368	0.8246830932832923
3496	7810	0.8880259452195499
3496	237	0.371271062586771
3496	7444	0.8119486471815536
3496	8003	0.2421156095737714
3115	6113	0.7799236472643073
3115	6075	0.8415456329935646
3115	5876	0.939730003151834
3115	31	0.9780699449092506
3115	4829	0.9753727958357211
3115	461	0.913545858311672
3115	43	0.970137114255536
3115	5572	0.4151579851547765
3115	3865	0.944495218293114
3937	6113	0.7180026724252082
3937	3776	0.18029429043423573
3937	2183	0.0001281746168765231
3937	8248	0.830363321375783
3937	193	0.3472239414628806
3937	794	0.9124785743883188
3937	14	0.8756331974788769
3937	5813	0.7389256144183662
3937	698	0.9722171342570366
3937	1058	0.7238045009688713
3937	8024	0.2990426057824477
3937	4927	5.412534366374294e-07
3937	5834	0.5160023087443305
3937	9896	0.23034461515594756
3937	7811	0.026906644276153677
5834	3115	0.8935278178803857
5834	6113	0.016144922915341704
5834	2280	0.830363321375783
5834	5141	0.830363321375783
5834	6075	0.4444654128032143
5834	2388	0.9109824613189703
5834	31	0.7961813723472879
5834	43	0.9708553930736368
5834	5756	0.7427228496221444
5834	5572	0.01241339677632242
5834	5744	0.008418289008533465
5834	5993	0.018068085790506446
5834	6162	0.33459127971953395
5834	3865	0.7836841556444227
5834	5759	0.964931274066439
5834	1775	0.830410798133463
5834	2542	0.9062567058975782
5834	8248	0.6391347240520078
5834	6063	0.7927968102325241
5834	6124	0.8456533980908542
5834	3776	0.830363321375783
5834	193	0.6970833992039529
5834	8822	0.4759152468055796
5834	8489	0.830363321375783
5834	323	0.8348330191903683
5834	6105	0.9089685389597609
5834	698	0.8184835556708058
5834	8368	0.007088181856907758
5834	7125	0.8789989929711767
5834	8343	0.8153518165904674
5834	6679	0.830363321375783
5834	3937	0.3548160960462455
5834	4148	0.830363321375783
5834	7810	0.6111212113051046
5834	5816	0.23120068617817674
5834	237	0.830363321375783
5834	6150	0.046302539193905264
5834	9545	0.22323784742882866
5834	7444	0.6949366212430159
5834	8024	0.07195702973011743
5834	4927	0.18771125113538467
5834	2183	0.8145982588343934
5834	5982	0.9421198440918092
5834	4107	0.9485823418299971
5834	96	0.14474768516242534
5834	4865	0.830363321375783
4121	3865	0.3964414672553136
4121	96	0.5816481902873136
4121	2565	0.830363321375783
4121	6113	0.830363321375783
4121	2280	0.8975991940165622
4121	312	0.830363321375783
4121	5876	0.9019179935227234
4121	461	0.9722171342570366
4121	2448	0.6171488471394548
4121	2490	0.8914397657247007
4121	5816	0.8986954245743631
4121	8489	0.7060212732746209
4121	14	0.9574995798290354
4121	6114	0.7262244800877732
4121	5813	0.7804040660813887
4121	6105	0.7091610207748037
4121	5834	0.9480931312721778
4121	8034	0.7262244800877732
4121	3532	0.9369630406810984
4121	8024	0.8975991940165622
1701	3865	0.921100784991875
1701	96	0.12329178321213667
1701	2565	0.9513785907015387
1701	3115	0.6770836313101741
1701	6113	0.9894116579303767
1701	1198	0.9152653375094649
1701	2280	0.8963002697337198
1701	5141	0.4278956159573439
1701	6075	0.92927511278448
1701	31	0.9460319400682101
1701	4829	0.7367535339587984
1701	6294	0.9722171342570366
1701	43	0.9306922098322334
1701	5572	0.021008221542470135
1701	5744	0.9616577401431872
1701	5993	2.614429070782662e-05
1701	6162	0.272632932863098
1701	1669	0.8473388304320449
1701	6120	0.9624443919188213
1701	6114	0.9593571708743154
1701	5838	0.9405382934468778
1701	4042	0.9765176129338736
1701	6240	0.932914026931847
1701	7775	0.8454000442957249
1701	1449	0.7178167678916113
6150	1178	0.9812548790033969
6150	7125	0.9721342711934827
6150	1449	0.046675603040157804
5141	96	0.9103186753014688
5141	31	0.9428903455907339
5141	5572	0.03587640044834072
5141	5744	0.7777890123896988
5141	6124	0.962914871930137
5141	9021	0.5421439688571374
5141	5813	0.7865547610104844
5141	5993	0.012567334721091042
5141	8981	2.080383197592812e-05
5141	2183	0.004891825973321473
3625	6113	0.830363321375783
3625	8981	0.0177198940209021
3625	2183	0.9826172526796336
6123	6113	0.830363321375783
6123	3865	0.8778170944392129
6123	237	0.5926075370880433
6123	6124	0.9014757439082363
6123	193	0.830363321375783
6123	5394	0.830363321375783
6123	2205	0.9540748046229256
6123	4148	0.830363321375783
312	2565	0.6348714761253147
312	1198	0.9636937441453743
312	859	0.7523328986194399
312	2280	0.95334651672268
312	5141	0.34935701735984753
312	5876	0.39316379113181044
312	31	0.7972688237437867
312	4829	0.5857564862040272
312	6294	0.9207925504314934
312	2155	0.964592341920045
312	5879	0.9848558635990116
312	43	0.9770672800837198
312	5756	0.8988677103356806
312	3776	0.5106851814556896
312	3865	0.5493902710030926
312	1669	0.7779129916625199
312	6120	0.943351604532514
312	6114	0.9819034214726813
312	5838	0.9715372063352793
312	6072	0.9819106348721444
312	4042	0.1936079461059333
5759	3115	0.4010035383895957
5759	6113	0.8272370562582224
5759	2280	0.9255450587279122
5759	312	0.9172260838063044
5759	5141	0.9638465083595208
5759	6075	0.9070079776959129
5759	5876	0.830363321375783
5759	2388	0.8705801607021876
5759	31	0.9817546942741506
5759	4829	0.793415557665291
5759	6294	0.6990762939323226
5759	1819	0.29235320073861176
5759	43	0.4010035383895957
5759	5756	0.8341314412610998
5759	5572	0.9463966657336106
5759	6162	0.19496354406267816
5759	3865	0.2315709760763202
1178	6113	0.4351678489182839
1178	6240	0.7609023988268472
1178	4829	0.7464630696828488
1178	2448	0.9141282153569118
1178	3865	0.8300723775721641
1178	1775	0.5290877558211279
1178	8248	0.9202464811676466
1178	237	0.8744824782238273
1178	6063	0.9202464811676466
1178	7589	0.6675681159493693
1178	8009	0.9202464811676466
1178	5908	0.5334013314209605
1178	8822	0.9202464811676466
1178	8098	0.9315756450870075
1178	1991	0.9202464811676466
1178	323	0.9202464811676466
1178	698	0.9202464811676466
1178	5834	0.8422092565280525
1178	8368	0.9202464811676466
1178	6313	0.2996201080829054
1178	7125	0.9318328052420585
1178	8343	0.6051944198032786
1178	6119	0.9202464811676466
1178	1058	0.9775485428337778
1178	6679	0.9202464811676466
1178	4148	0.9466910988506718
1178	7810	0.7679521823832173
1178	5816	0.9202464811676466
1178	7444	0.08435801226003806
1178	8003	0.6558596944309736
1178	4927	0.9202464811676466
1178	8564	0.005209104428236446
1178	5982	0.4010035383895957
1178	4865	0.95680946510635
1178	7811	0.9202464811676466
1935	6113	0.830363321375783
1935	5141	0.830363321375783
505	1868	0.830363321375783
505	2565	0.830363321375783
505	2280	0.830363321375783
505	5141	0.018929596282806965
505	5876	0.830363321375783
505	4829	0.830363321375783
505	6294	0.830363321375783
505	1819	0.830363321375783
505	43	0.830363321375783
505	5756	0.830363321375783
505	5759	0.4010035383895957
505	1669	0.830363321375783
505	5978	0.7262244800877732
505	3224	0.8115559680295494
505	7125	0.830363321375783
505	4042	0.7262244800877732
505	4865	0.7262244800877732
505	4857	0.9440916387936434
505	6000	0.4010035383895957
505	1301	0.325331547289906
505	4385	0.7375686247944913
505	7775	0.830363321375783
505	1449	0.4010035383895957
505	6719	0.4010035383895957
505	4404	0.7262244800877732
505	4237	0.02275237153058592
443	2565	0.8881372269180012
443	3115	0.9315625231784641
443	1301	0.8839398789133093
443	5141	0.850894454016519
443	2388	0.8345298305746177
443	4829	0.830363321375783
443	461	0.9315625231784641
443	43	0.016070807751051634
443	2448	0.8216922935334958
443	6162	0.8881372269180012
443	3691	0.9988990337560327
443	7125	0.21629671891419977
443	9222	0.4010035383895957
443	4865	0.830363321375783
443	8319	0.830363321375783
443	1449	0.7326833040948074
443	6719	0.9192684046232577
443	4404	0.3585937761198579
443	7811	0.965859943793155
5756	1868	0.9139484790042925
5756	3115	0.903622157181572
193	7810	0.1498638495813338
193	5816	0.8908566848414099
193	5834	0.8721512094477041
5177	6122	0.9299957921084642
5177	5141	0.866652935024565
5177	31	0.830363321375783
5177	4829	0.830363321375783
5177	3865	0.866652935024565
5177	2490	0.7262244800877732
5177	6124	0.8723332294906678
5177	5486	0.830363321375783
5177	3776	0.8161616934576317
5177	4245	0.9723684541780703
5177	2555	0.9853899099100455
5177	5813	0.7005999606709576
5177	6105	0.8698230238194163
5177	9222	0.9459758949688198
5177	4865	0.9548011588301083
5177	8319	0.830363321375783
5177	2183	0.830363321375783
5177	5982	0.830363321375783
6105	6240	0.8986954245743631
6105	5744	0.5620251385679835
6105	7125	0.8688639021692334
6105	8319	0.6789162117996788
6105	4404	0.052446027347308674
6105	7811	0.6368897718625692
8343	8248	0.9806067963103603
8343	5293	0.9965363977542171
8343	5813	0.6179010902099549
8343	8034	0.9812909145269307
8343	5816	0.9225100384172146
8343	7444	0.9503374784206677
8343	5834	0.9809799143203747
8343	5982	0.9820329368967129
4927	96	0.3625679985529162
4927	5879	0.6195273268785029
4927	5816	0.37676005260493084
4927	6063	0.7555680217760204
4927	8009	0.4010035383895957
4927	6459	0.9011800047702132
4927	193	0.8900114399820801
4927	794	0.9006882842049175
4927	14	0.56387465971642
4927	323	0.8840689811912629
4927	2205	0.9209961761099467
4927	5293	0.32132749057197724
4927	698	0.6636390722906054
4927	5834	0.9862820766407826
4927	8034	0.7966404398478402
4927	7125	0.9808660144203124
4927	6119	0.9891087189692094
4927	1058	0.8260305395916493
4927	5996	0.9413194761047894
4927	3937	0.915889851030624
4927	4148	0.9058872819982968
4927	7810	0.9472012520126738
4927	237	0.2470984821384439
4927	7444	0.9845455688486286
4927	8003	0.07645748635873649
4927	9896	0.6033109593237977
4927	3696	0.8997343595548097
4927	5982	0.1331941400731343
4927	4857	0.8997343595548097
6114	6113	0.21612137025409048
6114	1301	0.6880004487944001
6114	31	0.6711433229293196
6114	5572	0.06602378349213325
6114	5744	0.001374582351413887
6114	2448	0.42528406815335135
6114	3865	0.848424743894675
6114	1775	0.9816306487639437
6114	5816	0.916666714434545
6114	237	0.39838486076520774
6114	6124	0.978930056357975
6114	193	0.9867921334471821
6114	2205	0.9389719976140285
6114	7125	0.20845359494515348
6114	1058	0.0739116572614906
6114	5141	0.16993085478364311
6114	5978	0.8487062391175929
6114	8024	0.06764500941787661
6114	1449	0.9154641443062143
6114	4404	0.13059701021659567
6114	2180	0.0008372566937080396
794	4042	0.004646752335437186
794	3865	0.14813760808359938
794	6113	0.7944356544871206
794	6122	0.7187089574034827
794	5572	0.8606826471514042
794	5816	0.5770668391162838
794	237	0.9362029514342382
794	7589	0.830363321375783
794	6150	0.8805775097114541
794	6124	0.7658972586902614
794	8009	0.4840066984846428
794	6459	0.20344938358792536
794	5908	0.6453800990303917
794	5394	0.830363321375783
794	8913	0.8293433236960542
794	323	0.830363321375783
794	505	0.830363321375783
794	5813	0.830363321375783
794	698	0.5127994352702417
794	8034	0.9130157824209834
794	7125	0.016226896851349433
794	8343	0.830363321375783
794	1058	0.002108489942748224
794	6353	0.9110571195242944
794	5996	0.4676511061648047
794	3937	0.9686500885102398
794	4865	0.830363321375783
794	9277	0.830363321375783
794	4148	0.6785506198955915
794	9545	0.7292950348478604
794	7444	0.7504224674273378
794	4927	0.830363321375783
794	9896	0.418413521335878
794	7811	0.5834085352875673
794	3696	0.3157215192108866
5949	5410	0.9824375298858439
5949	6113	0.8752593260749479
5949	5141	0.29235320073861176
5949	3865	0.9073466840337194
6125	6113	0.17670460343091898
6125	237	0.05263351630357046
6125	794	0.9025185618012549
6125	4148	0.8200964326567637
6125	6150	0.0637635076452458
5991	3115	0.7078914988884408
5991	2280	0.830363321375783
5991	312	0.9350023945985708
5991	5141	0.8568534092483744
5991	6075	0.9350023945985708
5991	2388	0.9805426145986723
5991	31	0.019498834978540807
5991	4829	0.5343965602895195
5991	43	0.9252872554727997
5991	5572	0.46591966415763075
5991	3865	0.9252872554727997
5991	237	0.4010035383895957
5991	6124	0.550032209406913
5991	2555	0.830363321375783
5991	8913	0.18351059360844782
5991	5978	0.5856768351593813
5991	3224	0.03977284210880484
5991	505	0.843978349328981
5991	6114	0.8541996174213895
5991	5813	0.3018115781673952
5991	6072	0.4010035383895957
5991	3696	0.8810688442083874
5991	4865	0.4096426761511188
5991	4857	0.6668646575538699
5991	2565	0.23580825183387882
5991	2183	0.7931175939911549
5835	2565	0.871601910686184
5835	3115	0.9391087398352757
5835	6113	0.5611785052724889
5835	312	0.9590403232158944
5835	2388	0.8718274040862934
5835	461	0.18103389300897932
5835	43	4.07640334819392e-08
5835	5744	0.7400644717728191
5835	3239	0.9994210415926079
5835	4042	0.8181011398723743
5835	4857	0.8729645814444752
5835	6240	0.7848569652843789
5835	7811	0.2620995942057452
5845	3115	0.9644823008010157
5845	6113	0.9644823008010157
5845	2280	0.9644823008010157
5845	6075	0.9644823008010157
5845	31	0.9644823008010157
5845	4829	0.9638465083595208
5845	6294	0.9644823008010157
5845	1669	0.9644823008010157
5845	6120	0.9644823008010157
5845	6114	0.9644823008010157
5845	5838	0.9846593762677561
5845	4042	0.9644823008010157
5845	5954	0.019967860023566215
5845	7775	0.9791895323540362
7143	5816	0.9840785174698672
8564	7589	0.0020954748989247115
8003	1775	0.12337782953935865
8003	8248	0.8411018097157081
8003	6063	0.7667701449681418
8003	193	0.7974267871357198
8003	5813	0.9196467586147534
8003	698	0.3831741328241515
8003	7125	0.7513749870519042
8003	443	0.561741183659782
8003	3696	0.9574217471601957
8003	237	0.9278081706238825
8003	8024	0.006127225907725103
8003	4237	0.8652372771740454
8003	5982	0.9173584392424424
8003	96	0.044108692077950484
8003	7810	0.30997507487891396
5982	6113	0.830363321375783
5982	2280	0.6907508605167342
5982	312	0.830363321375783
5982	6075	0.0010473037458138986
5982	4829	0.9201935974486196
5982	6162	0.272632932863098
5982	8371	0.9352700636128948
5982	6063	0.9301187058192756
5982	1669	0.9904116024508341
5982	8009	0.9352700636128948
5982	5177	0.830363321375783
5982	6459	0.980830061449121
5982	3691	0.9352700636128948
5982	193	0.4010035383895957
5982	794	0.9971940085334753
5982	5394	0.9352700636128948
5982	14	0.916691942583362
5982	323	0.980830061449121
5982	5978	0.9352700636128948
5982	3239	0.9352700636128948
5982	5968	0.9352700636128948
5982	6114	0.9972735131742518
5982	345	0.9911738688537614
5982	698	0.9904116024508341
5982	5834	0.9974169730095344
5982	6072	0.9458181936917381
5982	8034	0.9352700636128948
5982	7125	0.8087143815999113
5982	8343	0.9352700636128948
5982	6119	0.9762797673070355
5982	4042	0.5762482858760782
5982	5996	0.9352700636128948
5982	9222	0.9352700636128948
5982	3937	0.9352700636128948
5982	4865	0.9632161788612307
5982	8319	0.9813462444640303
5982	4857	0.9352700636128948
5982	9277	0.9352700636128948
5982	7810	0.9352700636128948
5982	2565	0.9756349849100633
5982	6240	0.9352700636128948
5982	9425	0.9464195688616194
5982	5744	0.7299580556535541
5982	2996	0.28623055708656026
5982	6000	0.6639890076726321
5982	1301	0.9352700636128948
5982	9593	0.0848067139665897
5982	5141	0.9352700636128948
5982	4385	0.001615646901008422
5982	4927	0.980830061449121
5982	427	0.8643096124832503
5982	1449	0.9352700636128948
5982	6719	0.9352700636128948
5982	4404	0.9896910077941424
5982	8981	0.987795436956174
5982	9896	0.9352700636128948
5982	7811	0.9352700636128948
5982	2180	0.9352700636128948
5982	9147	0.9829241422119752
5982	5759	0.13173532835524165
5982	9224	0.023052251602259138
3239	6113	0.23834414616632754
3239	2448	0.24170788903613744
3239	237	0.8429620746659519
3239	6124	0.21426319530500965
3239	794	0.847843727343142
3239	3532	0.9342986264283513
3239	8003	0.5680750509434179
3239	7811	0.9342986264283513
461	2448	0.9536779000962173
461	5410	0.9686678319245737
461	1868	0.9946454767121955
461	2565	0.8321403502956768
461	3115	0.9648130327006368
461	6113	0.7991050475370705
461	1178	0.991403453426782
461	1198	0.9270348900248775
461	859	0.9867233429014614
461	2280	0.9660112483283506
461	312	0.8953727758369668
461	5141	0.7838539731327758
461	6075	0.9809399391786554
461	5876	0.9252311667570774
461	2388	0.7993453097863886
461	31	0.9452323627727506
461	1819	0.7697130719067591
461	5879	0.9774514080169202
461	43	0.9456712971162313
461	5572	0.6139991761560252
461	4653	0.030023674042674253
461	3865	0.44129661517069213
2399	2996	0.4640885556502324
2399	4332	0.36029310476524207
2399	3115	0.2368878613157659
2399	6113	0.25590822313533196
2399	6122	0.6298038446664287
2399	5141	0.9661757410526198
2399	5572	0.0775084770819972
2399	8009	0.12078171641466927
2399	193	0.0325834643213273
2399	5956	0.9112547867307318
2399	323	0.6207784538838111
2399	3224	0.023809012863018463
2399	7125	0.07887495268537781
2399	3937	0.536143424351874
2399	9545	0.028986606486103572
2399	4385	0.0007837781796308388
2399	4927	0.14303909797562042
2399	7775	0.6584118790629587
2399	1449	0.12116831267475066
2399	6719	0.008830455704493489
2399	4404	0.005846256611932786
2399	9896	0.9767689998711763
2399	2180	0.04050168418799132
2399	4237	0.4010035383895957
2399	9224	0.3763403631390302
1868	3115	0.4561125575080776
1868	6113	0.4177347939278439
1868	1301	0.04263728589967527
1868	2280	0.830363321375783
1868	312	0.1154462498341369
1868	2388	0.8036253654366436
1868	31	0.8854613405809528
1868	461	0.8292670554943159
1868	43	0.7165026909484845
1868	4332	0.6629915982723572
1868	6124	0.4294431886328584
1868	2555	0.830363321375783
1868	6114	0.830363321375783
1868	6119	0.7262244800877732
1868	1449	0.5933578106362482
2205	2448	0.04918125771436616
2205	96	0.010032426425435649
2205	2388	0.7567445024011742
2205	4829	0.8221105938318425
2205	1775	0.817342922152448
2205	6063	0.8824866490851332
2205	6459	0.9633078502005776
2205	3691	0.9985096367190897
2205	193	0.8315355575374831
2205	794	0.954758200472855
2205	345	0.9596016532498423
2205	698	0.9668385782014461
2205	5834	0.8962572121669984
2205	8034	0.9606785380225834
2205	7125	0.7949353270119355
2205	6119	0.954758200472855
2205	5996	0.8371545907189221
2205	4865	0.9867329083310901
2205	8319	0.9679820016868019
2205	9277	0.9633078502005776
2205	5744	0.9706345868325903
2205	2280	0.9575834758841048
2205	5978	0.5650170470084164
2205	7811	0.0005567450858268601
2205	2180	0.7314726868016843
4122	6162	0.8753074476063409
4122	5744	0.6886160282792226
4122	4865	0.7415542880843561
4122	7775	0.24567802538694677
4122	4360	0.7466840969609091
4122	4404	0.00010018929359963141
4122	4237	0.36427942332032304
5051	96	0.12146335819770858
5051	6113	0.9156996653419797
5051	1178	0.8334726401208288
5051	5876	0.8193340517206937
5051	4829	0.8098164290365912
2565	193	0.38993778325120376
2565	4042	0.4326894731277185
2565	96	0.9254432184410438
2565	1198	0.0351777671789508
2565	2280	0.7328515437116501
2565	6162	0.3253900531448063
2565	5744	0.530985494902978
2565	2183	0.6908478875694519
2565	7896	0.5702593027945934
2565	1449	0.8587508114167585
323	6113	0.9177229391034806
323	312	0.6829823577652118
323	2388	0.8010753469275457
323	31	0.6829823577652118
323	2183	0.830363321375783
323	3865	0.9335481925701373
323	2542	0.9861967416809608
323	5816	0.6373223733894399
323	237	0.4010035383895957
323	6063	0.9604206442247823
323	193	0.2971416453591905
323	5394	0.830363321375783
323	8913	0.5220544756511372
323	5978	0.8986954245743631
323	5968	0.8461330512681591
323	5834	0.830363321375783
323	1761	0.9488711048069546
323	1058	0.5277204502366928
323	9277	0.9722171342570366
323	9545	0.7262244800877732
323	7444	0.830363321375783
323	6719	0.9009739112473467
323	4404	0.6092763765968569
323	8981	0.810075325771604
323	5982	0.35670525199837255
6122	6113	0.9948247991983261
6122	2490	0.5104343035716342
6122	7589	0.8770112869187635
6122	6124	0.9768924272952624
6122	3691	0.9254914652581185
6122	5293	0.7458499222688267
6122	5813	0.9349908419569556
6122	1761	0.983942919213326
6122	9277	0.9817134921349014
6122	3925	0.9419333218027147
6126	6113	0.6577632117872695
6126	2280	0.24943112863250208
6126	6122	0.017495788587634148
6126	4829	0.830363321375783
6126	6294	0.7797570888949867
6126	1819	0.6935886890755589
6126	5756	0.831891729160871
6126	5744	0.9167632911601509
6126	6162	0.5447865713083627
6126	4332	0.7262244800877732
6126	1775	0.8863561999664112
6126	8248	0.830363321375783
6126	8371	0.8271654364601495
6126	6981	0.9722171342570366
6126	8009	0.8697156929152475
6126	5177	0.8309692806712224
6126	6459	0.9722171342570366
6126	3691	0.9553288553399234
6126	193	0.3405673957544631
6126	8822	0.30987557119894654
6126	7143	0.9474614228588542
6126	8098	0.4010035383895957
6126	5394	0.9722171342570366
6126	14	0.9947686199482922
6126	345	0.9648130327006368
6126	669	0.1554753802272301
6126	698	0.110226118559949
6126	8368	0.8371780867158466
6126	8034	0.5724211889326134
6126	7125	0.6820932935484296
6126	6679	0.9482914113225809
6126	5996	0.9951183032921683
6126	9222	0.830363321375783
6126	4865	0.5504110317707152
6126	8319	0.7262244800877732
6126	4857	0.01442149995057993
6126	9277	0.7021529360039499
6126	7810	0.5625631137026362
6126	9380	0.601636957857504
6126	6240	0.13545934894130288
6126	4047	0.4010035383895957
6126	9425	0.043980599731042416
6126	2996	0.16206891876742457
6126	1301	0.10216167461506154
6126	9545	0.1440613506503207
6126	8922	0.06857430033494293
6126	9593	0.29235320073861176
6126	5141	0.9027554171463053
6126	8003	0.10668560568764594
6126	9704	0.6211656168782587
6126	8024	0.630351902582664
6126	4385	0.750788111796351
6126	4927	0.4010035383895957
6126	7775	0.0190099408780577
6126	1449	0.44683715901307364
6126	4360	0.8142322322362792
6126	5834	0.4010035383895957
6126	6719	0.04360891006574478
6126	8981	0.1835386428383004
6126	9896	0.8498427871198101
6126	7811	0.1565696060400052
6126	8343	0.4010035383895957
6126	2180	0.1837927175644075
6126	8564	0.39018342877169876
6126	4237	0.08585853023068031
6126	9147	0.16419840333247693
6126	9224	0.10209839664414476
31	96	0.6806626123368538
31	1868	0.9731068597589743
31	2565	0.5013062441468095
31	3115	0.45299933863685415
31	1178	0.9458779186640317
31	1198	0.7775950629844013
31	2280	0.5644493125910014
31	312	0.9344172394454721
31	5876	0.7721714831779468
31	4829	0.9414355574158916
31	461	0.4804362846357193
31	5572	0.7294624299440835
31	2448	0.08328453949574983
31	5051	0.027119029286024297
31	5759	0.3536579172419776
31	6120	0.8816155174330742
31	5978	0.8566919882806611
31	6114	0.7479406927242311
31	6072	0.3770076689332309
31	4865	0.0008646500033603371
31	4857	0.4651407654643455
31	4385	0.014444657184266598
31	1449	0.001024384774140712
31	2180	0.6303723385317139
31	4237	0.5669219377967768
2388	1868	0.830363321375783
2388	2565	0.9572210667624468
2388	6113	0.5939195483567121
2388	1198	0.794749637087913
2388	859	0.9311182909829206
2388	312	0.996311602423974
2388	5876	0.9899759199562196
2388	31	0.7114932983103386
2388	461	0.9140045447999838
2388	43	0.6563466375402144
2388	6162	0.5560217866624467
2388	3865	0.484713025123516
2388	4277	0.4010035383895957
2388	6000	0.1329497384740374
2388	6075	2.444784474848513e-06
2388	7775	0.021852052354120726
2388	1449	0.7863323131671427
2388	4404	0.8425837493146812
2388	5759	0.39597044016021743
8922	4571	0.830363321375783
6981	4829	0.8090060000019444
6981	8368	0.9358397074186287
6981	237	0.9490343751155089
4382	6113	0.40716869379189763
4382	31	0.830363321375783
4382	2448	0.7866353498498759
4382	3865	0.0199420683725205
4382	6124	0.8797922085231119
4340	5410	0.9234341680264023
4340	1868	0.830363321375783
4340	2565	0.9749528939602725
4340	3115	0.9512889375997103
4340	2280	0.9722171342570366
4340	5141	0.9342211888721771
4340	6075	0.9927489760379131
4340	5876	0.9342211888721771
4340	4829	0.9647569337105449
4340	6294	0.9234341680264023
4340	1819	0.4010035383895957
4340	461	0.9027995016398551
4340	43	0.9133895336302803
4340	5756	0.8942981068645263
4340	5572	0.9533878041096863
4340	5744	0.06733506400204048
4340	6055	8.843143570872843e-06
4340	1669	0.9133895336302803
4340	6120	0.9722171342570366
4340	5978	0.6230895827555752
4340	6114	0.9340848424463885
4340	6072	0.9069826320186801
4340	4042	0.8812099460500588
4340	4865	0.9303708600794354
4340	4857	0.9259807678512174
4340	6240	0.9510092295738565
4340	4404	0.5680489215661886
4340	2180	0.8319544862502581
6120	6113	0.9463966657336106
6120	5141	0.518974725550763
6120	31	0.8903445313911219
6120	3865	0.4408901474560628
6120	5293	0.9890919159686425
6120	5838	0.9826456142113906
6120	4042	0.8772010411498102
6120	4237	0.6730741197138609
6120	4857	0.6998000240216566
427	6122	0.9325141307308273
427	31	0.830363321375783
427	2490	0.8896265474486371
427	8248	0.830363321375783
427	5816	0.1080028131250875
427	6063	0.830363321375783
427	6981	0.9549784549011542
427	6124	0.7785487539947075
427	8009	0.724057354979396
427	3691	0.830363321375783
427	3776	0.830363321375783
427	4245	0.8921552075695369
427	193	0.8506001085556102
427	8489	0.8921552075695369
427	4571	0.830363321375783
427	323	0.830363321375783
427	3239	0.8896265474486371
427	9021	0.9329005535878073
427	5968	0.005480474707447496
427	6114	0.830363321375783
427	3515	0.830363321375783
427	5838	0.830363321375783
427	5813	0.9881770287487096
427	6105	0.9431895469374042
427	698	0.830363321375783
427	5834	0.9305636752333653
427	6072	0.830363321375783
427	8368	0.006182021019834629
427	8034	0.9471784249001631
427	8343	0.830363321375783
427	6119	0.9293876615505463
427	4042	0.6373223733894399
427	5996	0.830363321375783
427	3937	0.7681973420073218
427	8319	0.7431659089482557
427	3532	0.8896265474486371
427	7810	0.8896307916406947
427	2565	1.0701174616087709e-08
427	9380	0.03748792564608634
427	237	0.28580428374036415
427	5744	0.0240653626293571
427	9545	0.1799323183306509
427	2280	0.12464397595194647
427	7444	0.6708529951370523
427	4927	0.830363321375783
427	3925	0.8657245159068011
427	4404	0.37384024783807707
427	7811	0.8896265474486371
427	5982	0.7512905999361149
427	4857	0.07352675393641052
427	4865	0.9749324401904856
5293	6113	0.9788040391670695
5293	6122	0.23645261367220394
5293	4829	0.5820481066863527
5293	6063	0.31746823849224176
5293	5177	0.8935278178803857
5293	6459	0.8339094153348812
5293	5968	0.3218273385211865
5293	7125	0.7611510701278958
5293	8319	0.8948833282199485
5293	4404	0.4005409484960889
4404	3865	0.9306811068257564
4404	6113	0.7370813330357165
4404	4829	0.9583687003388427
4404	5816	0.49422178497823654
4404	237	0.8832642925318728
4404	6124	0.9645602736243718
4404	6459	0.830363321375783
4404	3691	0.830363321375783
4404	3776	0.8151053101848078
4404	4245	0.5270385569418805
4404	8489	0.8455498337329215
4404	794	0.830363321375783
4404	5394	0.830363321375783
4404	14	0.8986954245743631
4404	4571	0.830363321375783
4404	323	0.8256006913200896
4404	2205	0.7311248247790697
4404	5968	0.8167858752030576
4404	6105	0.7512905999361149
4404	698	0.8256006913200896
4404	5834	0.8256006913200896
4404	8034	0.7195256657357062
4404	8343	0.6233267630862501
4404	6119	0.6720028621225465
4404	1058	0.0918999807986647
4404	6353	0.4010035383895957
4404	5996	0.830363321375783
4404	9222	0.8455498337329215
4404	3937	0.8256006913200896
4404	9277	0.830363321375783
4404	4148	0.5372488083966415
4404	4047	0.1689931545754156
4404	9425	0.7890584018055967
4404	2996	0.507782954956857
4404	6150	0.9007154511148446
4404	8922	0.4631770514073914
4404	7444	0.8827626410217092
4404	9704	0.8237760406561248
4404	9896	0.7276164864277991
4404	5982	0.4490494446589929
4404	9224	0.010619913534007406
1819	5051	0.8215636782336807
3381	4653	0.9364918973610573
3381	6113	0.9755317627934396
3381	5744	6.748915992309338e-05
3381	5816	0.01812953696626011
3381	6000	0.9952330644668259
6091	3115	0.830363321375783
6091	2280	0.830363321375783
6091	2388	0.830363321375783
6091	31	0.4010035383895957
6091	4829	0.830363321375783
6240	6754	0.830363321375783
6240	8003	0.7029998903236664
8319	2490	0.989614782930164
8319	5293	0.7790734594193458
8319	5968	0.8796170744179594
8319	5813	0.6922098519801566
8319	6105	0.8729839824991238
8319	7125	0.4819883162326558
8319	9380	0.6671271987481145
8319	1058	0.945918151532846
6063	6113	0.47437368400076824
6063	5816	0.830363321375783
6063	323	0.9752573024465511
6063	5978	0.9022766712444172
6063	5813	0.046921482478898546
6063	5834	0.9505373637686744
6063	1058	0.7690040315265267
6063	3937	0.5281454619714361
6063	4865	0.5300471634570368
43	96	0.9279874938901704
43	2996	0.9866142936381135
43	4042	0.13165938329111518
43	4653	0.6298876216787019
43	3865	0.14485304950722955
43	1701	0.847011794692154
43	1868	0.939845604877327
43	2565	0.9614320095467634
43	3115	0.4218289694007993
43	6113	0.9342441473123589
43	6240	0.9792255277864066
43	1198	0.8473388304320449
43	859	0.2447041090456827
43	2280	0.9294955758576402
43	5141	0.9789584256308165
43	6075	0.9974391961508708
43	6162	0.9716884942825953
43	2388	0.4010035383895957
43	31	0.8576773413860868
43	4829	0.880056814864517
43	6294	0.9068899367452401
43	2155	0.9722171342570366
43	1819	0.828982304482144
43	5879	0.799695963964603
43	461	0.757636222686407
43	5756	0.4977290377409763
43	5744	0.8036979243683393
43	3776	0.10510280657191064
43	6055	0.8535351467360355
43	2448	0.7795225047799825
43	5993	0.02523574667330235
43	5759	0.4423144677443676
43	1669	0.8876895984524802
7775	6754	0.830363321375783
7775	5978	0.830363321375783
7775	4277	0.965994425178571
7775	4865	0.5884075594570584
7775	2565	0.8886839768824074
7775	4385	0.11700545191639775
7775	5993	0.830363321375783
7775	4404	0.4104982482563946
5839	3115	0.8388057124172519
5839	2280	0.6827377752815084
5839	5141	0.9894226790994017
5839	2388	0.6278280833441905
5839	31	0.866800849277424
5839	4829	0.8977025044811842
5839	43	0.8829527627744147
5839	5993	0.9377712679069039
5839	6162	0.7221282450008081
5839	3865	0.0025064877228542734
5839	1669	0.6373223733894399
5839	6000	0.9074383218778764
6113	5816	0.980276542063263
6113	8034	0.9052089418339879
6113	5978	0.9706985181831618
6113	427	0.9547441657836936
5816	4829	0.8734308563043189
5816	8009	0.7262244800877732
5816	7143	0.7943017936914192
5816	3239	0.957669862871616
5816	5968	0.8959340102741058
5816	6114	0.7111179389395894
5816	345	0.911950938061371
5816	3515	0.8499724138949558
5816	5834	0.9775160591977793
5816	6119	0.9314091273587527
5816	4857	0.8916235176432389
6313	2280	0.4010035383895957
6313	5876	0.828837303711414
6313	9277	0.9318630588700292
6313	4404	0.9331685613790207
6313	4237	0.9057190654167181
6124	6113	0.966198903466915
6124	2280	0.38012194200481314
6124	6122	0.4800046270079133
6124	4829	0.8986954245743631
6124	8371	0.05915161221929451
6124	1669	0.830363321375783
6124	5177	0.8612282879400225
6124	6459	0.7826782733370352
6124	3691	0.8720649917339568
6124	6120	0.830363321375783
6124	794	0.6431474188719725
6124	14	0.8100380559510554
6124	3239	0.48567303425312774
6124	6114	0.830363321375783
6124	345	0.7689770975055972
6124	6072	0.4010035383895957
6124	7125	0.830363321375783
6124	6119	0.830363321375783
6124	9222	0.830363321375783
6124	4865	0.830363321375783
6124	8319	0.8935278178803857
6124	4857	0.057962358441881294
6124	2565	0.2262365262188355
6124	6240	0.10380958863535204
6124	5744	0.8659148263119724
6124	6000	0.20450709835923464
6124	1301	0.41344371452408696
6124	9545	0.21845597837655614
6124	5141	0.014576077739280699
6124	7775	0.7681973420073218
6124	1449	0.8234022557652869
6124	6719	0.22571788648814514
6124	4404	0.8321403502956768
6124	8981	0.7779028565991332
6124	9896	0.39018342877169876
6124	8564	0.830363321375783
6124	4237	0.18170322231232702
2490	96	0.799347357215044
2490	2280	0.7721164756267004
2490	5978	0.9373333489179735
2490	8368	0.22202068483962795
2490	8319	0.5690865541535917
7811	3776	0.8440163014832134
7811	7125	0.0036376676599883546
7811	4404	0.0007450347283656237
204	96	0.8815470534869894
204	6113	0.9609854069365584
204	6240	0.8794876931196615
204	5141	0.9644823008010157
204	2183	0.9644823008010157
204	5609	0.9648130327006368
204	1775	0.830363321375783
204	8248	0.9602895948604376
204	5816	0.9648130327006368
204	237	0.9353182838218885
204	6063	0.9644823008010157
204	6124	0.830363321375783
204	8009	0.9722171342570366
204	193	0.9656134989574494
204	7143	0.9648130327006368
204	8098	0.9644823008010157
204	8489	0.9644823008010157
204	323	0.9648130327006368
204	2205	0.9863319609226845
204	5978	0.9648130327006368
204	5968	0.9245587679469829
204	3515	0.9648130327006368
204	5813	0.4975574206445137
204	6105	0.9863319609226845
204	698	0.9609854069365584
204	5834	0.9863319609226845
204	8034	0.9609854069365584
204	7125	0.9648130327006368
204	443	0.9279674521007283
204	8343	0.9648130327006368
204	6679	0.9648130327006368
204	4865	0.9648130327006368
204	3532	0.9279674521007283
204	7810	0.8848816612832083
204	9545	0.9279674521007283
204	7444	0.9279674521007283
204	8003	0.9064268980645996
204	8024	0.9644823008010157
204	4927	0.9648130327006368
204	3925	0.9609854069365584
204	7811	0.9648130327006368
204	3696	0.15269537844952444
204	8564	0.9197521995309045
204	5982	0.8986954245743631
204	9147	0.1267651484744681
204	3865	0.7148943591179526
204	4857	0.43138759940983384
204	9224	0.9822947669428231
204	3496	0.9609854069365584
2155	2280	0.7880870584375493
2155	31	0.830363321375783
2155	4829	0.9729538326343135
2155	3865	0.44105105960319313
2155	6120	0.830363321375783
2180	96	0.6894931694661544
2180	6122	0.8968988131766796
2180	2490	0.9719104262255375
2180	6150	0.95516263472787
2180	6124	0.7582065024244536
2180	5908	0.7002826349185166
2180	193	0.9563395480097197
2180	5978	0.9697779377257375
2180	5293	0.8940406606400085
2180	5813	0.9284792340231842
2180	7125	0.4557066784284544
2180	443	0.9885569120487968
2180	4865	0.3386110645083532
2180	4404	0.11294771495978972
4599	6113	0.5534482759589826
4599	6122	0.4010035383895957
4599	31	0.830363321375783
4599	1819	0.6829823577652118
4599	1775	0.8321403502956768
4599	2542	0.830363321375783
4599	5816	0.830363321375783
4599	237	0.9955869458298966
4599	7589	0.4010035383895957
4599	6124	0.6506939309242876
4599	4245	0.888886708240369
4599	7143	0.6325628474659283
4599	2555	0.8756331974788769
4599	7125	0.9777694897895154
4599	4865	0.6829823577652118
4599	7810	0.6829823577652118
4599	5744	0.8279795194550869
4599	7444	0.9693744683507848
4599	5978	0.9507144500037276
4599	8024	0.8344290126301311
4599	4927	0.20651692504644922
4599	1449	0.3000858359912391
4599	4404	0.3024096812355482
4599	2183	0.36051851791886635
4599	2180	0.27213563567726434
4599	8564	0.4010035383895957
4599	5982	0.4010035383895957
4599	9147	0.4010035383895957
4599	9224	0.18712474186773076
5993	6113	0.9231149322441808
5993	2388	0.6609346059192432
5993	43	0.3719010142957193
5993	4653	0.39021376595550006
5993	6162	1.8322510603443323e-07
5993	5978	0.850503430145095
5993	7125	0.7516534611879332
5993	2565	0.9745250226470675
5993	1301	0.2683318640411826
5993	6075	0.240195328463016
5993	7775	0.9800155797952882
4277	2565	0.9817925426081994
4277	3115	0.8757240743651385
4277	6113	0.38956490927076415
4277	1198	0.9995017122308151
4277	2280	0.98549579521955
4277	312	0.30735282896918187
4277	6075	0.81536750510049
4277	5876	0.978709269154287
4277	2388	0.9461224015179277
4277	4829	0.9686207717091674
4277	2155	0.889467285362875
4277	5879	0.9977566277437665
4277	461	0.9639273534745422
4277	43	0.9717309141789993
4277	5572	0.011006936287019408
4277	2448	0.9975805800319132
4277	1669	0.9718945369023797
4277	6120	0.7668313888971308
4277	5978	0.9631663019653298
4277	6114	0.9146200131859776
4277	4042	0.8441216934951018
4277	4865	0.7393612569630831
4277	4857	0.88194690476069
4277	5954	0.1511087434332049
4277	6000	0.7254691042390788
4277	1449	0.7696602222951278
4277	4404	0.9825452366629644
4277	5759	0.28574037957535686
6000	3115	0.7989999682923994
6000	6113	0.25314919233750044
6000	859	0.7208917703512706
6000	6075	0.8261652941057873
6000	4829	0.9653726566453434
6000	5572	0.7322467846935936
6000	6124	2.909581807516882e-05
6000	4277	0.830363321375783
6000	7775	0.9830066688285937
6000	5759	0.00039076915407349264
1301	2388	0.012588032834508989
1301	31	0.6942196600539561
1301	5993	0.0714067567694334
1301	3865	0.0009438110637814438
1301	2542	0.5084953499164264
1301	237	0.5873945026369976
1301	7589	0.9955652803874705
1301	6124	0.739211045871521
1301	5908	0.9524519624478269
1301	3776	0.5815229312401651
1301	3224	0.8914109408705391
1301	3925	0.5924693368631442
1301	9021	0.946412392811891
1301	6114	0.9583687003388427
1301	5838	0.9549519785695466
1301	5813	0.9306922098322334
1301	1761	0.38072966920060675
1301	7125	0.6118018725419508
1301	3696	0.916328201814168
1301	4865	0.9956489496775437
1301	4857	0.5448473833431855
1301	5992	0.4353187505719636
1301	4404	0.43011653489945134
1301	8981	0.9914692129459665
1301	2623	0.039435745431496846
7125	1775	0.5824301220312194
7125	237	0.830363321375783
7125	7589	0.830363321375783
7125	6150	0.830363321375783
7125	6124	0.17210240658534576
7125	8489	0.5524642335780467
7125	794	0.830363321375783
7125	8913	0.12956666854580928
7125	2205	0.830363321375783
7125	6119	0.5527622512607334
7125	4865	0.8029597599778325
7125	4148	0.4698593658073138
7125	7810	0.830363321375783
7125	5816	0.11779219063228522
7125	8003	0.061613484893391836
7125	8024	0.830363321375783
7125	7811	0.3602893126573714
7125	2180	0.8275378380803577
7125	96	0.8747502021523778
6115	6113	0.9768075029510264
6115	4829	0.830363321375783
6623	2280	0.7730979637275893
6623	3865	0.9161321271614373
6623	7125	0.830363321375783
6623	5996	0.830066407647787
6623	5816	0.830363321375783
6623	8003	0.5351695927682082
4865	96	0.7325364024632991
4865	6240	0.5913998471857198
4865	1301	0.5414003496943681
4865	4829	0.830363321375783
4865	5572	0.9852336872080415
4865	3776	0.8268814852395435
4865	2448	0.2761201201336492
4865	2183	0.830363321375783
4865	3865	0.15783527887839768
4865	7589	0.07861838767247384
4865	5177	0.830363321375783
4865	8822	0.7063765711988825
4865	8489	0.830363321375783
4865	2205	0.830363321375783
4865	5813	0.6075118299321854
4865	698	0.8963704033411934
4865	204	0.9856553685422725
4865	1761	0.9741325147715413
4865	7125	0.9713751636424709
4865	1058	0.7572749170422642
4865	6353	0.830363321375783
4865	5996	0.13623236815057085
4865	9222	0.971632145252923
4865	3532	0.8052332148826284
4865	9277	0.2130648882460911
4865	4148	0.7501623127686706
4865	9425	0.3612930631429122
4865	4404	0.8800038247238925
4865	7811	0.830363321375783
4865	8564	0.8975991940165622
4857	2490	0.9279188034141325
4857	6124	0.7943017936914192
4857	6754	0.9930475440954534
4857	3239	0.830363321375783
4857	5293	0.8712088061671739
4857	3925	0.39018342877169876
4857	6353	0.9718945369023797
4857	4865	0.830363321375783
4857	8319	0.9840999617576787
4857	3532	0.9493399641156135
4857	5744	0.9932268250206372
4857	9593	0.3467516681902386
937	6113	0.9811936858083222
937	6075	0.830363321375783
937	2388	0.9583687003388427
937	31	0.7512905999361149
937	3865	0.7512905999361149
937	237	0.8130434258044614
937	6063	0.9202948355115724
937	6124	0.830363321375783
937	1991	0.830363321375783
937	5838	0.7223631333467325
937	698	0.830363321375783
937	5834	0.830363321375783
937	8034	0.830363321375783
937	3937	0.9029529859627078
937	9277	0.5452109843395606
937	5816	0.8598829047518414
937	3496	0.830363321375783
5879	6113	0.8707667881738342
5879	2280	0.8707667881738342
5879	5876	0.8707667881738342
5879	31	0.8707667881738342
5879	5609	0.830363321375783
5879	2542	0.8707667881738342
5879	2490	0.8707667881738342
5879	8371	0.830363321375783
5879	5816	0.830363321375783
5879	6063	0.830363321375783
5879	6124	0.830363321375783
5879	8009	0.830363321375783
5879	5177	0.830363321375783
5879	6459	0.830363321375783
5879	3691	0.830363321375783
5879	3776	0.830363321375783
5879	4245	0.830363321375783
5879	193	0.830363321375783
5879	7143	0.830363321375783
5879	8489	0.8707667881738342
5879	794	0.830363321375783
5879	5394	0.830363321375783
5879	4571	0.830363321375783
5879	2205	0.830363321375783
5879	3239	0.8707667881738342
5879	5293	0.8707667881738342
5879	5968	0.830363321375783
5879	345	0.830363321375783
5879	6105	0.830363321375783
5879	8034	0.8184835556708058
5879	6119	0.830363321375783
5879	3696	0.8707667881738342
5879	1058	0.830363321375783
5879	5996	0.830363321375783
5879	9222	0.8707667881738342
5879	8319	0.8707667881738342
5879	3532	0.8707667881738342
5879	9277	0.830363321375783
5879	4148	0.830363321375783
5879	7444	0.830363321375783
5879	8003	0.830363321375783
5879	7811	0.8707667881738342
5879	5982	0.830363321375783
5744	31	0.8945248895011574
5744	5572	0.3015615409483108
5744	5993	0.733013956529915
5744	237	0.883274274962041
5744	6124	0.8753074476063409
5744	5978	0.8753074476063409
5744	2565	0.9161094212245792
5744	6075	0.26140043632628623
5744	4385	0.8831612902991841
5744	7775	0.4307791162793051
5744	4404	0.4071803950466581
5744	2183	0.35746129741975013
5744	3865	0.7563048232004105
4596	2565	0.8184835556708058
4596	6113	0.8619048561047924
4596	6240	0.9509695488124598
4596	859	0.9519546793988306
4596	5816	0.22781894950441672
4596	6124	0.9113982454187002
4596	4245	0.830363321375783
4596	2205	0.8922896919007648
4596	6114	0.8986954245743631
4596	5834	0.830363321375783
4596	8034	0.7464534152433993
4596	8343	0.9401377599273334
4596	6679	0.8395771721101408
4596	5996	0.9076210381444034
4596	4148	0.8970522492754273
4596	5978	0.9801473356280646
4596	8024	0.963042731721335
4596	4927	0.48350345679064977
4596	6118	0.830363321375783
4596	8003	0.830363321375783
4596	895	0.8878282236477356
4596	4937	0.9534449305716315
4596	7125	0.7817889736375291
4596	6623	0.9220249241413513
5410	1868	0.9622795668449582
5410	2565	0.6829823577652118
5410	3115	0.9707280212648494
5410	6113	0.9319697831607121
5410	1178	0.8794667249301036
5410	1198	0.9724222241402652
5410	859	0.9078669731868331
5410	1301	0.6875590108835936
5410	2280	0.9645871641584198
5410	312	0.9975743515628519
5410	5141	0.8970522492754273
5410	6075	0.973519057185704
5410	5876	0.9970943653873329
5410	2388	0.9838939262350495
5410	31	0.9946495554812516
5410	4829	0.9373646748937704
5410	6294	0.7356363050426544
5410	2155	0.8734498547520853
5410	1819	0.830363321375783
5410	5879	0.9615601713757888
5410	461	0.8206618460529763
5410	43	0.9902191263091982
5410	5756	0.830363321375783
5410	5572	0.5788014884868974
5410	2183	0.7990956938601967
5410	3865	0.876888263324419
5410	5759	0.11233517430763332
5410	1669	0.8473388304320449
5410	6120	0.9486776008005672
5410	6114	0.8448969847342312
5410	5838	0.528973315019052
5410	6000	0.790157360243162
3946	2448	0.12617314423012513
3946	6113	0.04345921847891743
3946	5141	0.1007588298365265
3946	3865	0.19606753181514883
3946	2490	0.012068115271839513
3946	5816	0.7592851632735558
3946	794	0.9183740454125514
3946	2205	0.5010016641221443
3946	7125	0.0006823641819055509
3946	7444	0.6694822355135438
3946	8003	0.4010035383895957
3946	8024	0.5574233539834293
3946	7811	0.543106197077907
3946	237	0.1113431884494303
3946	6118	0.3117260837032222
6116	6113	0.7749055443502377
6116	4829	0.7262244800877732
6116	6240	0.9825831150484035
1991	6113	0.7173751923498197
1991	1819	0.4010035383895957
1991	461	0.788485263282297
1991	3865	0.2818063749065023
1991	5609	0.18141231962968904
1991	1775	0.9648130327006368
1991	5816	0.9780149067075532
1991	8822	7.697117876523649e-05
1991	2555	0.6428019503191171
1991	5394	0.9648130327006368
1991	5968	0.5294353722964298
1991	5834	0.15856838425950145
1991	8034	0.830363321375783
1991	7125	0.23395308040178386
1991	1058	0.08791708927545475
1991	3937	0.5523164780058119
1991	4865	0.8143345640897673
1991	4148	0.6306996306000316
1991	7810	0.9118350716192096
1991	9380	0.7753184413006897
1991	237	0.830363321375783
1991	2996	0.7080992147429291
1991	2280	0.14652534614759263
1991	7444	0.9648130327006368
1991	8003	0.8966907368598349
1991	5978	0.9256097740349896
1991	8024	0.7177567035722775
1991	4927	0.10876297861392875
1991	1449	0.9685984388277413
1991	4404	0.289332082467584
1991	2183	0.017240066854017317
1991	3696	0.16743681017262946
1991	5982	0.7263806176935307
1991	4857	0.053765240358384404
1991	6118	0.0820017947639314
1991	4937	0.830363321375783
8368	14	0.830363321375783
8368	5968	0.830363321375783
4385	6124	0.6347669392351812
4385	6754	0.9721756629295747
2555	1868	0.9393773272698869
2555	2565	0.810288078952904
2555	3115	0.964029135955973
2555	6113	0.9001746075166318
2555	6122	0.6905689147059713
2555	8371	0.6905689147059713
2555	1669	0.810288078952904
2555	8009	0.4010035383895957
2555	5177	0.757692632522008
2555	6459	0.6905689147059713
2555	3691	0.6905689147059713
2555	8822	0.10314896695000267
2555	7143	0.830363321375783
2555	794	0.752141085459393
2555	5394	0.6905689147059713
2555	14	0.8984040717012215
2555	5978	0.830363321375783
2555	5968	0.4010035383895957
2555	6114	0.810288078952904
2555	345	0.9554882704224826
2555	8034	0.9722171342570366
2555	8343	0.830363321375783
2555	4042	0.810288078952904
2555	9222	0.8984040717012215
2555	4865	0.953524380963663
2555	8319	0.9654890976774273
2555	4857	0.9717924678777985
2555	9277	0.6905689147059713
2555	9545	0.6905689147059713
2555	2280	0.45432397846650174
2555	4404	0.908878589186494
2555	2180	0.6905689147059713
2555	8564	0.6905689147059713
8009	1775	0.9730011848835697
8009	6679	0.9471784249001631
8009	427	0.028673378632485244
6754	4857	0.961695467519907
6754	4385	0.031458964208781456
6754	4404	0.04701708554296687
5978	6113	0.8863561999664112
5978	3865	0.830363321375783
5978	5816	0.746834508380437
5978	237	0.026387739946334404
5978	5908	0.8953459787071076
5978	2555	0.830363321375783
5978	8913	0.9109921686824823
5978	5813	0.8826284814452586
5978	4865	1.4581270574946429e-05
5978	6719	0.830363321375783
5978	2180	0.0004225064226056383
5962	6113	0.9946400728224953
5962	6294	0.9930375328840814
5752	3115	0.9709684782924872
5752	2280	0.9861305874995714
5752	312	0.9003769530262165
5752	5141	0.6888085054470685
5752	5876	0.830363321375783
5752	31	0.9003769530262165
5752	4829	0.9015193027795543
5752	6294	0.830363321375783
5752	43	0.6888085054470685
5752	5572	0.7433997377008355
5752	3865	0.7463879898464015
5752	1669	0.8293836190390066
4937	1868	0.8473388304320449
4937	2565	0.9063701933667155
4937	6113	0.8707300291868548
4937	1178	0.030353149898896623
4937	1198	0.7671488709817527
4937	1301	0.8003161187641551
4937	2280	0.05969348898267184
4937	2388	0.8401869291304028
4937	31	0.764027645530075
4937	4829	0.943351604532514
4937	5993	0.7165208697388126
4937	3865	0.7818177128818471
4937	1775	0.6385722496690042
4937	8248	0.006195461419143801
4937	1669	0.8734169925293688
4937	6124	0.8792660307916542
4937	6120	0.8970522492754273
4937	8098	0.17798379993770022
4937	1991	0.8381632594998122
4937	2555	0.9222922814789049
4937	6114	0.5919586536740944
4937	5838	0.8707300291868548
4937	6240	0.7045002819367899
4937	5816	0.08140252632082087
4937	6000	0.5189445983318762
4937	8024	0.47959537293092735
4937	4927	0.377155924081258
4937	7775	0.005554967166408491
4937	1449	0.8363194873291446
4937	5834	0.18272931226827624
4937	8343	0.22852109989189057
4937	237	0.9237044486827132
4937	6118	0.1775596941893164
4937	3496	0.4413045890703525
4937	895	0.830363321375783
4937	96	0.1596281997383117
4937	7810	0.2767627462030392
4937	7811	0.4429864377705724
2448	4042	0.12323877205415927
2448	4332	0.830363321375783
2448	96	0.059191777372914575
2448	5410	0.9957738615801841
2448	1868	0.9963678148578782
2448	2565	0.9894455833246659
2448	3115	0.9851152549424922
2448	6113	0.3390580753953523
2448	1178	0.956233501648017
2448	1198	0.939730003151834
2448	859	0.7512905999361149
2448	312	0.8556314127147975
2448	5141	0.6239256703805073
2448	6075	0.9752301735928598
2448	6162	0.5892167662803486
2448	5876	0.960171535233117
2448	2388	0.27213563567726434
2448	31	0.8455498337329215
2448	4829	0.8114633647898242
2448	5879	0.9308917301949715
2448	461	0.9601254769751902
2448	43	0.830363321375783
2448	5756	0.9594944530460681
2448	5572	0.008150260382986066
2448	5744	0.9624897942065471
2448	3776	0.16673933260173657
2448	5993	0.5452109843395606
2448	2183	0.4143955099723744
2448	7896	0.941066665510969
2448	3865	0.04208364872704438
2448	5759	0.13589108660067972
2448	1669	0.6999150130799331
2448	6114	0.9829336709560467
6459	5816	0.660366332751456
6459	7143	0.9548407470414486
6459	794	0.9801503328868938
6459	4571	0.9135796200924279
6459	5813	0.6543728838504275
6459	698	0.8335722566179147
6459	5834	0.1685197559647009
6459	443	0.6050665477407394
6459	8343	0.9210250506820503
6459	1058	0.9240442885615474
6459	6679	0.7604894539522193
6459	4148	0.8739897074894363
6459	9425	0.9754821936154476
6459	7444	0.8315756900860536
6459	5978	0.7615801324863247
6459	4927	0.8974169956761822
6459	427	0.9986594542268222
6459	2183	0.6524183660143512
269	6113	0.8363194873291446
269	237	0.7357982578972831
269	5908	0.8575758604717407
269	6114	0.8726265406571414
2183	2996	0.7680859035474223
2183	4332	0.9930071181533252
2183	96	0.938166159486462
2183	1701	0.8706556003558958
2183	4237	0.991946947927972
2183	3115	0.8778427339032017
2183	6113	0.9827835008476836
2183	6240	0.9827835008476836
2183	1301	0.7680859035474223
2183	5141	0.7680859035474223
2183	6162	0.6496531762049896
2183	4829	0.9648619265665795
2183	43	0.8557165262838039
2183	5572	0.46624355532828626
2183	2448	0.9652620536545707
2183	5051	0.052728547993449414
2183	1775	0.9293555007456579
2183	8371	0.9381093653834646
2183	6063	0.9900042169619166
2183	1669	0.9648619265665795
2183	6981	0.9926820381656505
2183	8009	0.9648619265665795
2183	5177	0.9913843149221991
2183	6459	0.9648619265665795
2183	3691	0.9881458236817056
2183	193	0.9381093653834646
2183	5956	0.9697150928328254
2183	8822	0.9648619265665795
2183	6120	0.9927605172181204
2183	7143	0.9639666491597082
2183	794	0.9648619265665795
2183	5394	0.9925471406535699
2183	14	0.9381093653834646
2183	323	0.9902565600775507
2183	5978	0.965791858179015
2183	3239	0.9845518693323096
2183	3224	0.9487011955579648
2183	5968	0.9827835008476836
2183	6114	0.8557165262838039
2183	345	0.9884729940284098
2183	698	0.9381093653834646
2183	5834	0.9980956619160872
2183	6072	0.9935406991684325
2183	8034	0.9381093653834646
2183	7125	0.9648619265665795
2183	8343	0.988680793034801
2183	6119	0.9842694771893372
2183	4042	0.9926691476614372
2183	6679	0.9648619265665795
2183	5996	0.9639666491597082
2183	3937	0.9661559825741284
2183	4865	0.8701217651364311
2183	8319	0.9884729940284098
2183	4857	0.9852409911380389
2183	9277	0.9648619265665795
2183	7810	0.7533188495245984
2183	5744	0.9999224720154901
2183	6000	0.7420437776366365
2183	9545	0.8821346879821736
2183	8003	0.7680859035474223
2183	9704	0.6212531760142112
2183	6075	0.9589963937265533
2183	4385	0.7467319044520725
2183	4927	0.9381093653834646
2183	7775	0.762181625009491
2183	427	0.7284773188863157
2183	1449	0.7261615365662201
2183	4404	0.005557426449643194
2183	8981	0.9955189357182677
2183	9896	0.9926820381656505
2183	7811	0.9821090970998045
2183	2180	0.9712185987716996
2183	8564	0.9797685842919605
2183	9147	0.9648619265665795
2183	9224	0.988680793034801
669	3865	0.9713120562698156
669	3776	0.9847729791152682
669	2448	0.811130189946928
669	5609	0.9405944747902758
669	4245	0.8969161819774317
669	5813	0.9966050400317066
669	6105	0.9259740438393157
669	8368	0.9634825364800054
669	8034	0.9503825052584928
669	9222	0.4953395692525588
669	5816	0.7422672961581154
5996	6162	0.6094559451043325
5996	461	0.41290386378115973
5996	5993	3.074973365377172e-06
5996	237	0.9551891676143046
5996	5908	0.21301840154524213
5996	7444	0.06667211588999723
6353	5744	0.4324698475948474
6353	4404	7.143321465788353e-05
6117	6113	0.8684763438535177
4571	5876	0.830363321375783
4571	5177	0.9404602291482635
4571	3691	0.4010035383895957
4571	5394	0.9635799162299872
4571	14	0.9140563837086896
4571	345	0.9824118796632642
4571	4237	0.4049794465370709
895	2448	0.830363321375783
895	4042	0.830363321375783
895	96	0.9694017201997076
895	5410	0.830363321375783
895	1868	0.830363321375783
895	2565	0.830363321375783
895	3115	0.830363321375783
895	6113	0.830363321375783
895	1178	0.830363321375783
895	1198	0.830363321375783
895	859	0.830363321375783
895	1301	0.830363321375783
895	2280	0.830363321375783
895	312	0.830363321375783
895	6075	0.6066292960946583
895	5876	0.830363321375783
895	2388	0.830363321375783
895	4829	0.830363321375783
895	6294	0.830363321375783
895	2155	0.830363321375783
895	5879	0.830363321375783
895	461	0.830363321375783
895	43	0.830363321375783
895	1775	0.8986954245743631
895	6063	0.8986954245743631
895	1669	0.830363321375783
895	6981	0.9566508445630093
895	8009	0.8986954245743631
895	6459	0.8986954245743631
895	5956	0.8274585982600413
895	6120	0.830363321375783
895	7143	0.8986954245743631
895	1991	0.830363321375783
895	794	0.8986954245743631
895	14	0.8986954245743631
895	323	0.8986954245743631
895	5978	0.8986954245743631
895	5968	0.858672827060533
895	6114	0.830363321375783
895	345	0.8986954245743631
895	669	0.8986954245743631
895	698	0.8986954245743631
895	5834	0.8986954245743631
895	6072	0.830363321375783
895	204	0.8986954245743631
895	8034	0.8986954245743631
895	7125	0.91349899603609
895	8343	0.8986954245743631
895	6119	0.8040608315466076
895	6679	0.8986954245743631
895	5996	0.8986954245743631
895	3937	0.858672827060533
895	4865	0.8969674050289685
895	4857	0.830363321375783
895	5744	0.9276037977476749
895	2996	0.9454063326846314
895	9545	0.923750417508897
895	8922	0.8274585982600413
895	5141	0.830363321375783
895	8003	0.912551035183179
895	9704	0.8274585982600413
895	4385	0.739134056746277
895	4927	0.13589108660067972
895	7775	0.830363321375783
895	427	0.8986954245743631
895	1449	0.8234022557652869
895	6719	0.830363321375783
895	4404	0.9276037977476749
895	8981	0.4010035383895957
895	2180	0.830363321375783
895	4237	0.8998150594006394
895	9147	0.8274585982600413
895	4937	0.8781106291664035
895	6623	0.9357425825958077
6072	3115	0.9662253650854037
6072	6113	0.3244361909646345
6072	31	0.840176664836703
6072	5572	0.2846545161035766
6072	3865	0.2815018060102734
6072	6120	0.334870735647305
6072	6114	0.709091124285944
6072	1449	0.8008855075174828
5876	1868	0.9488559172188703
5876	3115	0.9700196498987097
5876	6113	0.9155487646925332
5876	859	0.9403377306280462
5876	312	0.950759649339214
5876	6075	0.8965724881878315
5876	6294	0.9859578330965278
5876	5879	0.8444284289290653
5876	461	0.14332886607141554
5876	6114	0.902186578365191
5876	6000	0.24997917826191038
5609	5410	0.6656315848392519
5609	1868	0.895357018663166
5609	3115	0.9933475606586655
5609	6113	0.37987106753907374
5609	1198	0.943376288218914
5609	859	0.8473388304320449
5609	2280	0.6471799605022592
5609	312	0.9098086363591144
5609	6075	0.6650666675213502
5609	4829	0.8771426486890683
5609	2155	0.8632941189663914
5609	5879	0.943376288218914
5609	5759	0.007138315785576747
5609	1669	0.9722171342570366
5609	5177	0.9966617564982212
5609	6120	0.997209297874338
5609	14	0.7425707556152014
5609	6114	0.9933475606586655
5609	6072	0.974748716238271
5609	9222	0.9796883616596163
5609	4865	0.8912751123730054
5609	8319	0.9918032781647371
5609	2565	0.4970908611348717
5609	9593	0.4366433672825243
5609	5141	0.9240127556223969
5609	2180	0.981050011575432
3865	5744	0.6692859198787723
3865	4404	0.9826305407857382
1761	4332	0.4802865807566466
1761	6113	0.914088833077841
1761	1301	0.9062567058975782
1761	6122	0.9844295719051848
1761	5141	0.830363321375783
1761	6162	0.7532974736571726
1761	2388	0.8321403502956768
1761	4829	0.945455436244386
1761	5744	0.994458272224353
1761	5978	0.9839970266838648
1761	4865	0.9071973312149401
1761	2565	0.875798333060027
1761	6240	0.9609257587996465
1761	7775	0.9533999319764263
1761	6719	0.6178105247287564
1761	4404	0.9295187925958157
8371	8922	0.00020457841905273497
8371	9704	0.5023493011284438
3696	859	0.7930986510708954
3696	5177	0.7532867717274565
3696	3691	0.9924256152931334
3696	5956	0.7946121616239602
3696	794	0.987708810197677
3696	5394	0.9905501940611574
3696	7125	0.830363321375783
3696	9222	0.8533447257215546
3696	9277	0.9971951330608516
3696	2280	0.9666463929620948
6625	2280	0.830363321375783
6625	31	0.7533155097442105
6625	237	0.9061283923476832
6625	5744	0.8430883576262914
